2458
1
2
3
5
8
15
17
19
20
29
31
33
45
47
58
85
89
96
100
102
106
109
110
115
117
120
124
125
139
166
167
171
172
176
181
183
186
189
192
197
200
201
203
204
210
211
218
221
223
226
230
234
238
239
240
241
243
246
251
255
256
258
262
281
284
287
291
292
294
299
300
305
307
324
327
337
339
341
343
344
352
361
362
366
371
376
377
380
383
387
388
393
394
396
405
406
410
412
415
416
419
421
424
426
427
429
431
436
439
440
444
447
448
450
452
460
466
470
475
483
484
491
494
495
502
504
505
510
513
515
519
521
522
524
526
529
534
537
540
541
543
546
548
550
553
556
560
561
566
570
571
573
579
583
586
587
590
592
593
594
597
600
603
607
608
613
614
618
621
622
627
630
635
643
644
647
649
650
651
656
657
660
663
665
669
681
683
686
689
692
695
698
702
704
706
708
709
717
720
729
736
738
742
743
744
748
751
756
759
760
763
765
772
774
776
780
781
783
785
788
792
796
798
799
802
804
805
807
809
812
813
816
823
827
829
844
847
850
852
855
860
864
865
867
869
873
874
882
883
885
890
892
896
905
910
911
921
924
925
928
931
934
936
939
940
946
947
949
953
958
962
965
974
980
981
989
990
994
995
1000
1004
1008
1012
1027
1028
1032
1033
1036
1039
1044
1045
1049
1050
1053
1055
1056
1059
1062
1065
1070
1073
1075
1077
1078
1080
1081
1087
1088
1092
1093
1095
1098
1103
1104
1106
1109
1111
1122
1123
1126
1127
1131
1132
1134
1135
1148
1150
1153
1157
1158
1161
1165
1167
1170
1172
1177
1180
1184
1187
1188
1189
1193
1194
1197
1198
1208
1212
1217
1220
1221
1226
1227
1235
1237
1238
1239
1243
1278
1280
1285
1286
1288
1290
1295
1296
1297
1302
1306
1309
1311
1313
1314
1316
1317
1319
1320
1324
1328
1329
1331
1333
1338
1340
1341
1344
1347
1348
1349
1351
1355
1358
1361
1363
1366
1369
1370
1376
1377
1384
1385
1387
1389
1392
1395
1397
1400
1401
1402
1404
1409
1410
1413
1414
1415
1423
1424
1427
1428
1430
1433
1434
1435
1436
1440
1441
1444
1448
1451
1454
1457
1458
1460
1464
1467
1472
1476
1477
1481
1485
1486
1487
1488
1489
1491
1493
1494
1497
1499
1503
1505
1507
1509
1510
1512
1517
1522
1523
1529
1534
1536
1538
1541
1543
1545
1546
1547
1552
1554
1555
1556
1561
1564
1566
1567
1568
1569
1572
1575
1578
1579
1580
1582
1584
1585
1588
1591
1594
1596
1597
1602
1604
1607
1608
1612
1613
1616
1617
1622
1623
1624
1627
1628
1629
1632
1634
1635
1636
1637
1639
1640
1642
1643
1647
1651
1652
1653
1656
1658
1660
1663
1667
1670
1671
1674
1676
1683
1684
1685
1688
1689
1696
1697
1698
1701
1704
1705
1707
1711
1712
1713
1714
1715
1716
1717
1720
1723
1728
1730
1731
1732
1733
1734
1735
1736
1739
1740
1742
1743
1744
1747
1748
1752
1753
1754
1756
1759
1760
1762
1764
1770
1772
1774
1780
1782
1783
1786
1788
1789
1790
1792
1794
1795
1798
1801
1802
1826
1829
1830
1831
1835
1836
1838
1839
1842
1846
1850
1853
1857
1860
1861
1864
1865
1869
1870
1873
1876
1877
1878
1881
1889
1892
1894
1896
1897
1900
1902
1903
1908
1910
1912
1915
1918
1919
1920
1922
1926
1927
1930
1935
1938
1940
1943
1946
1948
1950
1951
1955
1958
1962
1965
1967
1968
1970
1973
1974
1977
1979
1982
1984
1989
1992
1993
1994
1998
2001
2002
2005
2006
2008
2010
2013
2016
2017
2018
2021
2030
2034
2037
2038
2041
2043
2048
2049
2053
2059
2060
2061
2064
2065
2067
2076
2078
2079
2081
2082
2084
2087
2089
2091
2095
2097
2099
2102
2104
2105
2108
2115
2117
2119
2125
2128
2132
2134
2138
2140
2143
2144
2148
2150
2155
2156
2160
2162
2163
2166
2167
2170
2171
2178
2179
2182
2184
2186
2188
2196
2202
2206
2208
2209
2211
2212
2215
2216
2218
2221
2223
2228
2232
2234
2235
2236
2238
2239
2240
2244
2247
2248
2249
2251
2252
2255
2256
2257
2258
2260
2263
2264
2265
2267
2270
2271
2273
2275
2276
2278
2280
2282
2285
2289
2292
2295
2297
2299
2300
2303
2305
2306
2307
2309
2312
2315
2318
2319
2321
2322
2325
2327
2329
2330
2331
2336
2339
2345
2349
2352
2355
2356
2358
2359
2360
2361
2363
2364
2367
2368
2371
2372
2374
2375
2377
2381
2384
2385
2386
2389
2391
2392
2393
2408
2409
2412
2413
2415
2417
2418
2421
2422
2424
2425
2426
2430
2431
2432
2433
2435
2437
2440
2444
2445
2446
2447
2448
2449
2450
2451
2452
2454
2456
2460
2461
2462
2463
2467
2468
2469
2470
2472
2473
2474
2475
2477
2479
2480
2482
2486
2489
2490
2492
2494
2496
2497
2499
2501
2502
2504
2505
2507
2509
2510
2512
2515
2517
2519
2521
2522
2524
2527
2528
2530
2532
2537
2538
2539
2545
2546
2548
2559
2560
2564
2565
2566
2568
2569
2574
2575
2577
2587
2589
2591
2593
2594
2597
2599
2603
2605
2608
2609
2610
2613
2614
2615
2616
2617
2619
2621
2622
2626
2627
2631
2634
2635
2637
2640
2642
2644
2645
2647
2650
2651
2653
2656
2657
2658
2659
2661
2664
2665
2673
2677
2678
2680
2681
2685
2686
2689
2690
2695
2696
2697
2701
2704
2705
2707
2709
2711
2712
2714
2715
2716
2717
2721
2724
2727
2730
2733
2734
2737
2740
2742
2745
2748
2749
2751
2754
2756
2761
2765
2770
2772
2774
2777
2780
2781
2784
2785
2788
2790
2792
2793
2796
2800
2801
2807
2810
2812
2813
2815
2816
2817
2820
2821
2823
2824
2826
2827
2830
2834
2837
2841
2842
2843
2845
2846
2847
2848
2850
2851
2853
2854
2858
2860
2861
2864
2865
2872
2873
2875
2879
2881
2883
2886
2887
2889
2890
2891
2892
2895
2897
2898
2899
2900
2904
2906
2909
2910
2911
2912
2913
2915
2917
2919
2921
2922
2923
2925
2928
2931
2932
2933
2935
2936
2937
2939
2940
2942
2943
2946
2948
2949
2951
2954
2955
2957
2958
2960
2961
2963
2964
2965
2967
2972
2974
2976
2977
2981
2982
2984
2986
2987
2992
2993
2996
2998
3000
3003
3004
3008
3009
3012
3013
3014
3016
3019
3021
3022
3025
3027
3028
3030
3031
3032
3036
3038
3043
3044
3045
3051
3052
3053
3055
3057
3058
3059
3061
3063
3064
3065
3067
3069
3070
3072
3073
3076
3079
3081
3082
3083
3085
3088
3089
3090
3091
3093
3095
3096
3097
3100
3103
3104
3106
3109
3110
3112
3113
3116
3117
3119
3120
3121
3123
3124
3125
3131
3136
3138
3142
3147
3148
3151
3152
3154
3156
3159
3161
3163
3164
3169
3170
3173
3176
3183
3188
3189
3191
3195
3198
3199
3201
3204
3209
3210
3211
3213
3216
3217
3219
3220
3221
3222
3223
3224
3226
3227
3228
3229
3231
3232
3234
3235
3237
3239
3240
3243
3247
3250
3252
3253
3255
3256
3259
3261
3263
3266
3267
3268
3271
3273
3274
3275
3277
3281
3282
3285
3288
3291
3293
3296
3297
3301
3303
3304
3305
3309
3310
3311
3316
3318
3319
3321
3323
3326
3328
3330
3332
3333
3335
3339
3340
3341
3343
3344
3347
3348
3350
3354
3356
3357
3358
3360
3361
3363
3364
3366
3367
3370
3371
3373
3374
3375
3376
3379
3380
3381
3382
3385
3386
3388
3389
3391
3393
3394
3395
3397
3400
3401
3402
3403
3404
3408
3409
3412
3413
3414
3415
3416
3418
3419
3422
3428
3433
3435
3436
3439
3440
3445
3446
3447
3448
3450
3452
3455
3456
3457
3460
3461
3465
3467
3471
3476
3478
3479
3482
3484
3486
3489
3492
3495
3497
3499
3501
3502
3503
3505
3506
3510
3512
3514
3516
3517
3518
3519
3520
3521
3523
3525
3526
3528
3529
3530
3535
3536
3537
3539
3542
3543
3545
3548
3549
3550
3552
3554
3557
3559
3560
3561
3563
3564
3566
3567
3569
3570
3571
3572
3574
3575
3577
3580
3581
3583
3584
3585
3586
3593
3595
3596
3597
3599
3602
3604
3608
3610
3612
3614
3615
3617
3618
3619
3622
3623
3625
3626
3628
3632
3633
3636
3638
3639
3642
3645
3647
3649
3650
3651
3656
3658
3661
3662
3663
3664
3668
3671
3672
3673
3674
3676
3677
3678
3681
3685
3686
3687
3688
3690
3693
3694
3695
3697
3698
3699
3701
3704
3713
3714
3716
3720
3721
3723
3725
3726
3727
3728
3730
3732
3734
3735
3737
3738
3739
3740
3741
3742
3744
3746
3748
3750
3752
3755
3757
3758
3759
3761
3762
3764
3766
3767
3768
3770
3772
3773
3774
3775
3777
3778
3779
3780
3781
3782
3783
3784
3788
3789
3792
3793
3794
3796
3797
3798
3799
3800
3802
3812
3815
3818
3819
3820
3821
3822
3823
3825
3828
3830
3831
3833
3835
3836
3837
3839
3842
3844
3846
3848
3849
3850
3852
3853
3854
3855
3857
3858
3859
3860
3862
3865
3867
3869
3870
3871
3873
3874
3875
3876
3878
3880
3882
3883
3887
3890
3891
3893
3894
3899
3901
3902
3905
3906
3908
3910
3912
3913
3915
3917
3918
3919
3921
3922
3925
3926
3931
3932
3933
3934
3935
3937
3939
3940
3942
3943
3944
3945
3946
3947
3950
3951
3954
3955
3957
3958
3960
3961
3962
3964
3967
3968
3970
3972
3973
3975
3976
3977
3980
3982
3984
3987
3988
3990
3991
3993
3996
3999
4000
4001
4002
4003
4004
4005
4006
4007
4009
4012
4015
4017
4018
4020
4021
4022
4024
4025
4026
4027
4030
4031
4032
4034
4035
4036
4037
4038
4039
4046
4047
4049
4051
4052
4053
4054
4056
4058
4059
4060
4063
4064
4067
4068
4071
4073
4076
4079
4080
4082
4083
4084
4085
4088
4089
4091
4092
4096
4101
4102
4105
4108
4111
4112
4113
4114
4115
4116
4117
4120
4122
4125
4127
4129
4131
4132
4133
4134
4135
4138
4140
4141
4143
4144
4145
4146
4147
4150
4151
4155
4157
4158
4160
4161
4162
4165
4166
4169
4170
4171
4172
4173
4176
4177
4179
4180
4182
4184
4186
4188
4190
4193
4195
4196
4197
4202
4204
4205
4206
4208
4209
4210
4211
4213
4215
4217
4218
4219
4220
4221
4222
4224
4225
4227
4229
4231
4232
4233
4234
4235
4237
4238
4239
4240
4241
4243
4244
4247
4250
4252
4253
4256
4258
4260
4261
4262
4263
4264
4267
4268
4269
4270
4271
4273
4274
4275
4278
4279
4281
4283
4285
4288
4291
4292
4296
4297
4298
4303
4304
4306
4307
4309
4310
4311
4313
4316
4317
4320
4321
4323
4324
4327
4330
4333
4334
4336
4339
4340
4341
4344
4346
4347
4349
4350
4351
4352
4353
4354
4356
4357
4358
4360
4361
4363
4364
4366
4368
4369
4370
4371
4372
4373
4376
4377
4378
4379
4381
4382
4384
4385
4387
4388
4390
4391
4392
4394
4396
4399
4401
4403
4404
4405
4407
4409
4412
4413
4414
4415
4416
4417
4418
4419
4420
4422
4423
4424
4425
4429
4430
4431
4433
4436
4439
4441
4443
4445
4447
4448
4449
4451
4452
4453
4454
4455
4456
4457
4462
4463
4465
4467
4468
4469
4470
4471
4474
4475
4477
4478
4480
4484
4486
4487
4488
4490
4491
4492
4493
4494
4497
4498
4500
4503
4504
4506
4507
4508
4510
4511
4512
4514
4515
4516
4518
4520
4521
4522
4523
4524
4527
4529
4531
4532
4534
4535
4536
4537
4539
4540
4541
4544
4545
4548
4550
4551
4552
4553
4554
4556
4557
4559
4560
4561
4562
4563
4565
4567
4568
4569
4570
4573
4574
4575
4577
4578
4581
4582
4584
4585
4586
4588
4589
4590
4593
4594
4595
4596
4597
4600
4602
4603
4604
4605
4606
4607
4608
4609
4610
4611
4614
4615
4617
4618
4619
4621
4622
4623
4625
4626
4628
4630
4632
4633
4635
4636
4637
4639
4640
4641
4647
4651
4652
4655
4657
4658
4661
4663
4666
4668
4669
4670
4673
4675
4676
4677
4678
4680
4681
4682
4683
4684
4685
4686
4687
4689
4691
4692
4693
4694
4695
4696
4697
4701
4702
4704
4706
4707
4709
4710
4712
4714
4715
4717
4719
4720
4721
4722
4723
4724
4725
4726
4727
4728
4729
4730
4731
4732
4733
4737
4740
4741
4742
4744
4745
4746
4748
4749
4750
4751
4752
4753
4754
4755
4756
4757
4758
4759
4760
4761
4762
4763
4766
4767
4769
4771
4774
4775
4778
4781
4784
4785
4786
4787
4789
4790
4791
4792
4793
4794
4795
4796
4797
4798
4801
4803
4804
4805
4807
4808
4809
4810
4811
4813
4814
4816
4817
4820
4821
4824
4825
4826
4828
4830
4831
4832
4835
4836
4837
4839
4840
4842
4843
4844
4846
4847
4849
4850
4851
4852
4853
4854
4855
4856
4857
4859
4861
4862
4863
4864
4865
4867
4868
4870
4871
4872
4874
4875
4876
4877
4878
4879
4880
4885
4887
4888
4889
4891
4892
4894
4895
4897
4898
4899
4900
4902
4903
4905
4906
4909
4911
4912
4914
4915
4916
4917
4918
4920
4921
4922
4925
4927
4928
4931
4935
4936
4938
4939
4940
4942
4943
4944
4945
4946
4947
4948
4950
4951
4952
4953
4955
4956
4958
4959
4960
4961
4962
4963
4964
4966
4967
4968
4970
4973
4976
4977
4978
4981
4982
4983
4985
4987
4988
4990
4991
4992
4993
4994
4995
4997
4998
4999
5001
5002
5003
5004
5005
5007
5009
5010
5011
5013
5014
5015
5017
5018
5019
5021
5022
5024
5026
5027
5028
5029
5030
5031
5033
5034
5035
5036
5038
5039
5040
5041
5042
5043
5044
5045
5046
5047
5048
5049
5050
5051
5052
5054
5055
5056
5057
5058
5060
5061
5062
5063
5064
5065
5066
5067
5068
5070
5071
5072
5073
5074
5075
5076
5077
5078
5079
5080
5081
5082
5083
5085
5087
5088
5089
5090
5092
5094
5096
5097
5099
5100
5101
5102
5104
5105
5106
5107
5109
5110
5111
5113
5114
5115
5117
5118
5119
5120
5122
5123
5124
5125
5126
5127
5128
5134
5135
5136
5137
5139
5141
5142
5143
5144
5145
5146
5147
5148
5149
5151
5153
5155
5156
5157
5158
5159
5160
5162
5164
5165
5168
5169
5170
5171
5172
5173
5175
5176
5177
5179
5180
5181
5182
5183
5184
5186
5187
5189
5190
5191
5192
5194
5195
5197
5198
5199
5201
5204
5205
5206
5207
5208
5209
5210
5211
5213
5215
5216
5218
5220
5221
5222
5223
5224
5225
5226
5227
5229
5230
5231
5232
5233
5234
5235
5236
5237
5238
5239
5240
